Afghanistan: 47 frames, from this number, 36 frames show diff_velN_{insar,gps}>5 mm/year


,frame,center_lon,center_lat,veldiff,reinit,updating,updated
730,173A_05550_131313,71.7021,34.5034,10.778681568951828,1,1,0
1083,078D_05435_131313,69.7504,35.6486,10.842701331528215,1,0,0 ->078D_05436_131313
1292,122D_05571_131313,63.2967,34.2891,10.937734809193323,1,1,1/2 -> 122D_05572_131313
36,013A_05996_131313,62.3438,30.0453,11.53960557783008,1,1,0
1085,078D_05834_131313,68.9038,31.6606,11.577734420888813,0,0,0
729,173A_05350_131313,71.2866,36.4978,12.642465238231974,1,1,0
602,144A_06083_131313,68.7026,29.1708,13.463071799858696,0,0,0
771,005D_05398_131313,71.8821,36.0241,13.53519216064496,0,0,0
774,005D_05996_131313,70.6485,30.0399,13.745664808914862,0,0,0
957,049D_05932_131313,64.596,30.6774,14.809504899259085,0,0,0
34,013A_05597_131313,61.506,34.0302,15.088631824677615,0,0,0
773,005D_05797_131313,71.0649,32.0347,15.360514868575404,0,0,0
158,042A_05734_131313,65.9224,32.6596,16.720464089262926,0,0,0
772,005D_05597_131313,71.4718,34.0276,16.87055837735729,0,0,0
470,115A_06007_131313,64.4355,29.9384,17.08581888709227,0,0,0
469,115A_05807_131313,64.02,31.9314,18.08086126965647,1,1,0  -> 115A_05808_131313
468,115A_05608_131313,63.6008,33.9244,20.675842676817325,1,1,0  -> 115A_05609_131313
466,115A_05210_131313,62.7066,37.9047,21.889697761816635,0,0,0
288,071A_05240_131313,68.9679,37.6009,22.05791687106243,0,0,0
157,042A_05535_131313,65.501,34.6577,23.094651622235517,1,1,0 -> 042A_05536_131313


and:
600,144A_05684_131313,67.8927,33.1626,5.139596575195598,0,0,0
1294,122D_05971_131313,62.4628,30.3004,5.605930701576412,0,0,0
841,020D_05533_131313,61.3466,34.678,5.856043506996303,0,0,0
35,013A_05797_131313,61.9281,32.0367,5.921679831553333,1,1,0
291,071A_05838_131313,70.2534,31.6185,6.021496846017211,0,0,0
598,144A_05269_131313,66.9667,37.3095,6.199216348279683,0,0,0
1293,122D_05771_131313,62.8734,32.2955,6.444884059862211,1,1,0 -> 122D_05772_131313
1291,122D_05372_131313,63.7494,36.281,6.700322678298327,0,0,0
290,071A_05638_131313,69.8503,33.6133,6.8539268358614756,0,0,0
601,144A_05883_131313,68.2959,31.168,7.357872805889455,0,0,0
289,071A_05440_131313,69.4276,35.6103,7.604705688842463,1,1,0 -> 071A_05441_131313
1431,151D_05639_131313,67.2584,33.6032,7.730223890581859,0,0,0
954,049D_05335_131313,65.8895,36.6528,8.80712594285832,0,0,0
1429,151D_05241_131313,68.1275,37.5895,9.0460438577867,0,0,0
1430,151D_05440_131313,67.7,35.5997,9.49888653734379,0,0,0
1084,078D_05634_131313,69.3156,33.6553,9.978099443457136,0,0,0


so what to do with those...:

now running the init for them.
and update.
so just... keep updating them.

